13
3 3
0 1 2 1
1 2 0 2
2 0 1 4
3 3
0 1 2 1
1 0 2 2
2 1 0 4
12 4
0 1 2 1
3 4 5 2
6 7 8 4
11 10 9 8
12 4
0 1 2 1
3 4 5 2
6 7 8 4
11 10 9 8
12 4
0 1 2 1
3 4 5 2
6 7 8 4
11 10 9 8
12 4
0 1 2 1
3 4 5 2
6 7 8 4
11 10 9 8
12 4
0 1 2 1
3 4 5 2
6 7 8 4
11 10 9 8
12 4
0 1 2 1
3 4 5 2
6 7 8 4
11 10 9 8
12 4
0 1 2 1
3 4 5 2
6 7 8 4
11 10 9 8
12 4
0 1 2 1
3 4 5 2
6 7 8 4
11 10 9 8
12 4
0 1 2 1
3 4 5 2
6 7 8 4
11 10 9 8
12 4
0 1 2 1
3 4 5 2
6 7 8 4
11 10 9 8
12 10
0 1 2 1
3 4 5 2
6 7 8 4
11 10 9 8
3 4 5 2
6 7 8 4
3 4 5 2
6 7 8 4
3 4 5 2
6 7 8 4

