10
5
5 1 1
4 1 2
2 3 1
3 4 1
10
5 6 1
3 6 2
6 1 1
1 4 1
9 4 2
10 2 1
2 8 1
8 9 1
7 9 2
100
29 40 1
71 40 2
85 22 1
53 22 2
32 85 1
73 85 2
98 19 1
35 19 2
48 98 1
19 47 1
68 47 2
47 32 1
13 53 1
5 53 2
33 5 1
51 5 2
78 99 1
50 99 2
15 78 1
72 50 1
16 50 2
69 16 1
22 29 1
99 29 2
52 71 1
63 71 2
90 89 1
94 89 2
28 64 1
58 64 2
87 81 1
65 81 2
79 87 1
81 28 1
45 28 2
89 63 1
64 63 2
39 31 1
38 31 2
91 74 1
31 34 1
74 34 2
34 46 1
100 46 2
1 61 1
61 100 1
2 100 2
41 2 1
11 2 2
46 9 1
4 9 2
80 4 1
12 10 1
14 12 1
30 12 2
86 14 1
26 86 1
95 86 2
9 55 1
10 55 2
55 36 1
57 36 2
56 57 1
54 56 1
7 56 2
76 54 1
36 84 1
23 84 2
77 82 1
82 20 1
20 70 1
88 3 1
3 42 1
75 42 2
25 93 1
42 60 1
93 60 2
70 23 1
60 23 2
84 37 1
92 37 2
24 27 1
44 27 2
18 49 1
49 24 1
62 21 1
21 44 1
96 6 1
97 6 2
83 96 1
59 43 1
43 83 1
67 66 1
6 17 1
66 17 2
27 92 1
17 92 2
40 8 1
37 8 2
100
38 88 1
65 88 2
81 61 1
42 61 2
33 36 1
36 81 1
39 81 2
99 39 1
93 39 2
74 42 1
64 89 1
46 89 2
1 64 1
9 64 2
100 1 1
10 1 2
16 76 1
78 16 1
11 16 2
62 78 1
54 11 1
76 100 1
43 100 2
15 69 1
72 69 2
69 94 1
32 94 2
94 46 1
29 46 2
61 38 1
89 38 2
57 80 1
2 80 2
48 34 1
34 2 1
80 65 1
98 65 2
63 95 1
40 63 1
73 63 2
95 98 1
4 98 2
88 19 1
24 19 2
19 59 1
87 59 2
35 8 1
67 8 2
8 87 1
59 49 1
91 49 2
56 91 1
53 91 2
17 56 1
47 56 2
37 17 1
92 17 2
26 37 1
18 97 1
27 97 2
97 55 1
68 55 2
58 68 1
85 68 2
51 58 1
50 58 2
75 51 1
22 51 2
55 92 1
14 53 1
21 7 1
7 77 1
71 77 2
77 86 1
6 86 2
44 6 1
49 83 1
86 83 2
83 13 1
41 13 2
3 41 1
30 41 2
90 3 1
12 3 2
66 90 1
25 90 2
23 66 1
5 66 2
45 23 1
96 23 2
79 96 1
60 5 1
82 25 1
84 12 1
52 12 2
20 31 1
70 31 2
31 30 1
28 30 2
1000
262 451 1
69 451 2
817 981 1
537 981 2
307 817 1
93 817 2
949 980 1
864 980 2
22 949 1
648 957 1
626 957 2
774 783 1
957 22 1
783 22 2
917 864 1
980 431 1
279 431 2
299 368 1
368 846 1
846 279 1
199 279 2
853 533 1
155 533 2
584 853 1
442 853 2
73 155 1
431 192 1
533 192 2
192 807 1
153 807 2
791 498 1
498 300 1
441 300 2
300 153 1
956 153 2
70 926 1
926 956 1
807 567 1
513 567 2
550 236 1
236 597 1
597 513 1
456 513 2
934 456 1
810 456 2
2 810 1
567 307 1
366 307 2
824 855 1
318 824 1
855 761 1
606 761 2
447 606 1
23 606 2
6 447 1
726 447 2
761 366 1
678 366 2
675 968 1
959 968 2
14 675 1
717 675 2
480 717 1
916 399 1
229 399 2
968 909 1
399 909 2
413 768 1
123 768 2
768 385 1
909 678 1
385 678 2
336 93 1
256 93 2
986 556 1
115 556 2
202 986 1
325 986 2
850 382 1
787 382 2
469 787 1
382 202 1
548 202 2
729 261 1
261 325 1
847 462 1
462 115 1
839 115 2
195 839 1
665 839 2
979 665 1
999 665 2
556 976 1
776 976 2
883 776 1
868 72 1
711 72 2
174 868 1
789 174 1
438 174 2
231 789 1
732 789 2
574 433 1
433 438 1
339 438 2
874 711 1
1 711 2
737 874 1
398 874 2
695 737 1
976 336 1
72 336 2
314 256 1
541 256 2
765 747 1
220 645 1
747 219 1
645 219 2
219 972 1
972 316 1
897 316 2
757 412 1
412 897 1
316 314 1
459 314 2
392 101 1
194 101 2
862 662 1
662 194 1
571 194 2
257 612 1
602 612 2
640 257 1
28 94 1
94 640 1
269 526 1
666 964 1
964 582 1
205 582 2
526 602 1
582 602 2
101 541 1
612 541 2
407 866 1
551 866 2
904 107 1
107 182 1
281 182 2
66 458 1
196 458 2
458 35 1
565 35 2
35 284 1
182 407 1
284 407 2
745 160 1
58 160 2
160 551 1
209 870 1
139 870 2
870 400 1
380 191 1
286 191 2
191 421 1
400 785 1
421 785 2
866 931 1
785 931 2
113 449 1
373 449 2
994 113 1
104 113 2
992 982 1
473 982 2
282 992 1
482 992 2
245 282 1
995 282 2
54 489 1
489 43 1
935 43 2
43 245 1
639 482 1
894 473 1
780 473 2
635 894 1
461 894 2
982 838 1
869 838 2
960 188 1
188 95 1
95 869 1
763 869 2
601 738 1
241 738 2
416 601 1
576 601 2
593 405 1
417 405 2
437 593 1
632 437 1
936 437 2
405 608 1
297 608 2
946 297 1
676 297 2
628 946 1
608 416 1
239 416 2
234 804 1
961 804 2
804 255 1
315 255 2
844 315 1
255 105 1
105 71 1
975 941 1
71 929 1
941 929 2
718 578 1
578 627 1
674 180 1
12 180 2
100 12 1
627 110 1
180 110 2
929 576 1
110 576 2
161 499 1
562 499 2
280 88 1
88 161 1
200 669 1
669 8 1
499 966 1
8 966 2
966 241 1
278 241 2
838 994 1
738 994 2
1000 377 1
488 377 2
993 244 1
760 244 2
223 129 1
132 223 1
129 752 1
418 752 2
752 993 1
20 993 2
887 760 1
244 98 1
908 98 2
144 365 1
659 365 2
91 144 1
647 659 1
365 523 1
523 908 1
651 908 2
98 1000 1
507 1000 2
351 507 1
481 507 2
583 157 1
157 488 1
25 679 1
99 679 2
716 954 1
684 954 2
984 596 1
427 596 2
404 609 1
96 609 2
743 404 1
61 404 2
165 743 1
63 743 2
342 800 1
800 165 1
596 568 1
609 568 2
568 17 1
834 17 2
17 716 1
820 716 2
48 816 1
168 816 2
198 168 1
923 168 2
816 755 1
954 25 1
755 25 2
764 99 1
965 99 2
679 638 1
566 638 2
50 566 1
163 566 2
197 323 1
588 323 2
211 724 1
323 724 2
254 372 1
867 446 1
446 302 1
899 302 2
363 899 1
372 207 1
302 207 2
724 585 1
207 585 2
585 646 1
46 646 2
518 46 1
55 46 2
474 518 1
291 881 1
34 881 2
881 55 1
44 55 2
865 228 1
265 228 2
646 163 1
228 163 2
377 104 1
638 104 2
117 854 1
138 977 1
210 977 2
977 74 1
74 796 1
310 796 2
854 373 1
796 373 2
931 537 1
449 537 2
803 32 1
712 32 2
419 858 1
553 858 2
903 892 1
892 277 1
277 292 1
939 292 2
292 346 1
166 346 2
346 253 1
253 419 1
563 419 2
266 500 1
697 500 2
500 563 1
410 563 2
267 998 1
905 998 2
998 553 1
629 553 2
952 790 1
790 629 1
858 185 1
701 185 2
36 701 1
319 701 2
493 36 1
428 36 2
886 493 1
304 493 2
444 886 1
330 886 2
991 304 1
140 304 2
289 140 1
183 140 2
193 428 1
756 771 1
610 771 2
621 756 1
331 756 2
750 621 1
771 706 1
902 706 2
921 902 1
794 902 2
826 830 1
888 708 1
830 90 1
708 90 2
151 453 1
453 502 1
90 921 1
502 921 2
751 821 1
821 794 1
706 487 1
769 119 1
978 703 1
703 769 1
487 319 1
119 319 2
185 803 1
466 803 2
739 332 1
586 332 2
217 739 1
384 739 2
135 217 1
547 217 2
561 298 1
313 298 2
375 561 1
298 384 1
201 384 2
730 586 1
361 586 2
680 730 1
173 730 2
811 173 1
175 213 1
53 213 2
532 324 1
324 53 1
661 53 2
452 661 1
213 232 1
478 232 2
434 294 1
641 294 2
777 590 1
590 434 1
268 434 2
294 312 1
918 312 2
82 918 1
37 983 1
798 37 1
733 37 2
312 478 1
983 478 2
332 731 1
232 731 2
753 845 1
387 845 2
344 805 1
509 805 2
805 753 1
189 753 2
845 506 1
884 506 2
190 884 1
145 884 2
849 389 1
389 190 1
699 705 1
705 79 1
79 145 1
938 145 2
131 243 1
243 938 1
731 466 1
506 466 2
604 712 1
694 712 2
655 604 1
15 604 2
394 655 1
80 655 2
345 754 1
754 759 1
531 759 2
759 394 1
162 80 1
86 80 2
483 538 1
872 538 2
598 483 1
492 872 1
538 162 1
691 86 1
354 932 1
252 932 2
880 354 1
654 354 2
643 486 1
136 486 2
486 644 1
644 721 1
329 721 2
758 448 1
448 329 1
67 329 2
932 15 1
721 15 2
953 694 1
326 694 2
38 767 1
710 767 2
152 801 1
619 801 2
396 102 1
102 619 1
801 38 1
171 181 1
181 295 1
295 710 1
370 347 1
510 347 2
293 237 1
237 370 1
348 370 2
656 605 1
288 605 2
607 809 1
356 809 2
605 460 1
809 460 2
460 510 1
714 510 2
251 158 1
989 158 2
103 781 1
515 781 2
781 663 1
663 114 1
158 714 1
114 714 2
767 953 1
347 953 2
374 154 1
497 154 2
623 259 1
814 623 1
31 623 2
259 497 1
829 497 2
176 391 1
154 634 1
391 634 2
634 326 1
981 262 1
32 262 2
859 465 1
704 465 2
264 859 1
686 859 2
637 951 1
216 951 2
735 216 1
973 216 2
362 735 1
59 819 1
693 819 2
683 693 1
425 808 1
599 808 2
225 425 1
915 425 2
212 915 1
27 167 1
167 599 1
258 599 2
819 29 1
808 29 2
29 496 1
549 496 2
65 914 1
947 914 2
914 549 1
793 549 2
792 793 1
41 910 1
496 734 1
910 734 2
951 303 1
734 303 2
528 226 1
831 226 2
650 615 1
112 615 2
184 650 1
825 650 2
615 528 1
47 528 2
309 580 1
580 47 1
558 831 1
649 558 1
863 558 2
624 784 1
784 649 1
901 521 1
772 863 1
521 863 2
303 408 1
226 408 2
408 264 1
877 264 2
246 686 1
355 686 2
64 246 1
603 246 2
740 146 1
491 146 2
146 274 1
490 274 2
274 320 1
569 320 2
320 64 1
89 64 2
429 560 1
797 922 1
876 922 2
560 475 1
922 475 2
327 218 1
233 505 1
505 327 1
76 327 2
218 149 1
149 653 1
475 603 1
653 603 2
913 355 1
463 355 2
124 913 1
40 913 2
692 124 1
508 124 2
317 18 1
21 317 1
248 317 2
18 692 1
723 692 2
795 508 1
334 186 1
186 273 1
273 40 1
557 40 2
230 557 1
83 841 1
841 463 1
911 741 1
741 898 1
464 898 2
943 575 1
898 636 1
575 636 2
636 689 1
969 689 2
383 969 1
260 969 2
430 856 1
577 430 1
871 577 1
822 577 2
856 33 1
539 33 2
26 126 1
33 383 1
126 383 2
963 260 1
106 260 2
322 542 1
75 542 2
985 322 1
214 322 2
542 963 1
552 963 2
359 555 1
555 552 1
343 552 2
673 455 1
311 455 2
436 673 1
30 673 2
690 546 1
581 690 1
546 128 1
401 134 1
128 924 1
134 924 2
924 30 1
948 311 1
305 97 1
889 948 1
97 948 2
689 682 1
455 682 2
495 687 1
749 495 1
687 762 1
762 504 1
668 504 2
940 19 1
873 19 2
19 668 1
520 668 2
682 704 1
504 704 2
227 900 1
516 900 2
970 116 1
450 477 1
698 477 2
997 837 1
837 698 1
477 970 1
16 970 2
116 227 1
540 227 2
617 540 1
470 540 2
630 470 1
937 13 1
13 340 1
340 990 1
818 990 2
799 713 1
411 713 2
39 799 1
840 799 2
725 840 1
713 818 1
349 263 1
920 349 1
633 349 2
990 770 1
263 770 2
770 516 1
443 516 2
900 522 1
875 522 2
177 875 1
591 875 2
709 177 1
672 177 2
779 118 1
118 802 1
802 709 1
525 709 2
270 525 1
967 78 1
600 78 2
335 720 1
720 600 1
271 534 1
564 534 2
534 958 1
364 958 2
78 333 1
958 333 2
333 672 1
544 672 2
671 631 1
860 728 1
631 728 2
728 111 1
622 664 1
928 664 2
987 622 1
851 622 2
414 570 1
570 987 1
360 851 1
835 851 2
616 360 1
92 835 1
130 92 1
51 130 1
84 49 1
49 928 1
111 378 1
664 378 2
878 591 1
378 591 2
465 512 1
522 512 2
572 519 1
519 642 1
927 642 2
642 221 1
42 221 2
60 42 1
215 42 2
432 215 1
424 468 1
857 719 1
719 614 1
614 424 1
468 81 1
696 81 2
85 696 1
420 813 1
81 122 1
813 122 2
221 147 1
122 147 2
962 222 1
823 222 2
670 962 1
748 962 2
369 670 1
595 715 1
715 369 1
667 369 2
806 748 1
321 748 2
788 945 1
3 945 2
121 788 1
925 788 2
945 823 1
554 823 2
891 371 1
301 371 2
971 587 1
895 587 2
707 890 1
842 890 2
535 707 1
587 341 1
890 341 2
341 891 1
467 301 1
403 301 2
222 125 1
371 125 2
950 172 1
125 530 1
172 530 2
147 893 1
530 893 2
512 68 1
893 68 2
285 379 1
681 379 2
127 285 1
836 285 2
657 722 1
722 179 1
179 133 1
625 435 1
133 885 1
435 885 2
885 127 1
287 127 2
4 287 1
406 287 2
290 4 1
746 4 2
828 290 1
7 290 2
426 388 1
388 746 1
204 746 2
476 406 1
240 406 2
906 350 1
56 350 2
832 476 1
350 476 2
203 240 1
187 240 2
861 203 1
773 187 1
545 573 1
511 573 2
283 511 1
573 836 1
996 247 1
141 247 2
514 782 1
9 782 2
613 620 1
57 613 1
782 996 1
620 996 2
247 681 1
224 681 2
685 224 1
87 24 1
242 24 2
235 386 1
501 386 2
579 517 1
517 235 1
439 235 2
454 439 1
611 439 2
367 501 1
5 367 1
536 367 2
159 5 1
45 775 1
618 775 2
524 45 1
150 618 1
169 618 2
485 150 1
386 87 1
775 87 2
306 242 1
156 242 2
24 120 1
744 120 2
250 744 1
933 744 2
148 786 1
10 786 2
786 357 1
238 357 2
338 238 1
896 338 1
742 338 2
660 896 1
594 409 1
52 409 2
815 594 1
11 52 1
358 955 1
409 742 1
955 742 2
700 727 1
727 296 1
296 108 1
357 397 1
108 397 2
833 543 1
457 543 2
930 457 1
397 879 1
543 879 2
879 250 1
445 250 2
275 352 1
352 882 1
882 445 1
381 445 2
62 390 1
919 376 1
390 381 1
376 381 2
422 933 1
988 933 2
652 422 1
206 422 2
736 988 1
658 988 2
379 912 1
120 912 2
68 778 1
912 778 2
778 69 1
827 69 2
178 484 1
164 484 2
677 178 1
479 178 2
328 677 1
812 479 1
848 164 1
944 395 1
395 848 1
766 848 2
484 353 1
852 353 2
337 702 1
276 702 2
702 843 1
249 843 2
843 143 1
415 143 2
589 415 1
472 415 2
143 852 1
137 852 2
308 208 1
208 137 1
529 137 2
471 529 1
527 974 1
402 974 2
170 559 1
109 559 2
393 109 1
559 527 1
272 527 2
907 503 1
77 503 2
688 592 1
592 942 1
494 142 1
942 142 2
142 907 1
440 907 2
503 402 1
423 402 2
353 827 1
974 827 2
1000
872 52 1
46 52 2
967 251 1
12 251 2
473 967 1
7 967 2
752 807 1
807 518 1
518 622 1
622 473 1
251 324 1
907 324 2
324 21 1
918 21 2
665 918 1
422 665 1
472 665 2
541 474 1
846 474 2
715 541 1
132 541 2
339 715 1
82 132 1
989 15 1
696 15 2
689 696 1
781 696 2
15 82 1
682 82 2
577 682 1
863 829 1
730 829 2
134 863 1
670 730 1
829 846 1
220 846 2
21 519 1
474 519 2
519 291 1
764 291 2
913 587 1
143 913 1
587 764 1
385 764 2
848 385 1
286 848 1
727 286 1
916 857 1
610 857 2
549 610 1
363 610 2
857 300 1
525 300 2
266 343 1
497 343 2
678 266 1
343 313 1
663 797 1
313 525 1
797 525 2
300 377 1
669 377 2
142 245 1
780 100 1
100 142 1
245 293 1
219 293 2
293 786 1
417 418 1
786 669 1
418 669 2
377 571 1
934 571 2
140 934 1
196 709 1
639 709 2
141 232 1
16 232 2
232 334 1
334 465 1
465 188 1
188 196 1
203 639 1
166 639 2
709 215 1
571 85 1
215 85 2
291 17 1
85 17 2
745 617 1
573 617 2
240 745 1
299 596 1
713 596 2
173 713 1
490 713 2
932 380 1
672 932 1
440 932 2
380 173 1
179 490 1
617 355 1
596 355 2
640 13 1
189 13 2
178 640 1
568 640 2
471 178 1
537 178 2
845 471 1
741 537 1
782 568 1
469 189 1
553 189 2
625 553 1
355 714 1
13 714 2
17 906 1
714 906 2
68 44 1
601 44 2
646 68 1
961 68 2
948 646 1
446 646 2
204 948 1
444 948 2
121 204 1
345 204 2
365 121 1
919 121 2
837 890 1
53 890 2
890 125 1
137 40 1
40 98 1
125 365 1
98 365 2
268 919 1
545 287 1
328 545 1
743 545 2
724 801 1
801 328 1
287 412 1
858 348 1
412 345 1
348 345 2
294 644 1
62 644 2
644 444 1
275 690 1
631 690 2
690 875 1
992 875 2
875 446 1
91 446 2
952 91 1
628 91 2
101 333 1
441 333 2
980 101 1
765 441 1
333 628 1
124 628 2
223 961 1
276 961 2
161 223 1
590 223 2
641 161 1
624 161 2
315 393 1
393 641 1
337 258 1
798 258 2
258 624 1
103 985 1
985 590 1
972 176 1
176 774 1
453 443 1
491 443 2
427 453 1
748 491 1
774 276 1
443 276 2
187 601 1
280 601 2
346 136 1
136 177 1
694 177 2
177 758 1
106 758 2
485 431 1
705 485 1
591 106 1
431 106 2
758 187 1
941 187 2
977 941 1
255 941 2
828 280 1
557 280 2
410 796 1
796 828 1
44 353 1
779 353 2
359 779 1
464 779 2
802 113 1
659 802 1
87 36 1
113 36 2
36 359 1
821 359 2
382 81 1
243 821 1
81 821 2
148 413 1
928 413 2
413 50 1
50 102 1
479 102 2
391 479 1
492 479 2
693 391 1
416 391 2
436 693 1
379 693 2
971 492 1
930 492 2
102 464 1
378 130 1
816 130 2
612 378 1
65 378 2
130 761 1
754 761 2
415 754 1
285 592 1
719 592 2
739 909 1
909 686 1
910 686 2
861 38 1
555 535 1
38 535 2
686 285 1
535 285 2
749 719 1
369 719 2
592 794 1
761 873 1
794 873 2
353 993 1
873 993 2
906 872 1
993 872 2
239 94 1
224 94 2
605 216 1
216 717 1
493 717 2
717 508 1
213 508 2
604 570 1
105 570 2
570 511 1
342 154 1
511 154 2
795 804 1
154 213 1
804 213 2
508 24 1
252 24 2
24 314 1
249 314 2
756 882 1
41 882 2
882 249 1
193 249 2
314 912 1
109 912 2
597 332 1
96 332 2
735 96 1
615 96 2
332 388 1
674 388 2
388 109 1
392 109 2
257 903 1
499 903 2
746 72 1
876 72 2
428 876 1
72 818 1
174 818 2
616 257 1
818 257 2
186 499 1
903 712 1
866 712 2
712 593 1
811 851 1
22 851 2
778 811 1
390 778 1
851 556 1
434 556 2
593 841 1
556 841 2
841 481 1
775 481 2
481 887 1
599 887 2
611 964 1
282 964 2
580 611 1
448 611 2
889 877 1
877 116 1
222 116 2
116 580 1
791 580 2
19 606 1
606 842 1
414 842 2
842 791 1
501 448 1
43 282 1
964 599 1
787 599 2
634 579 1
551 634 1
579 787 1
887 683 1
835 683 2
550 865 1
865 1 1
683 58 1
1 58 2
912 1000 1
58 1000 2
699 350 1
600 350 2
405 331 1
63 405 1
331 97 1
350 512 1
97 512 2
399 914 1
47 914 2
71 399 1
666 71 1
554 47 1
437 47 2
512 159 1
914 159 2
159 560 1
127 560 2
944 127 1
560 468 1
564 468 2
489 504 1
546 827 1
827 195 1
212 195 2
195 489 1
404 489 2
237 303 1
303 404 1
504 564 1
84 564 2
942 84 1
23 172 1
362 23 1
172 75 1
110 75 2
396 110 1
425 110 2
75 942 1
1000 239 1
468 239 2
302 224 1
632 224 2
645 789 1
450 789 2
470 645 1
48 645 2
836 637 1
654 637 2
454 836 1
637 970 1
238 970 2
970 726 1
698 726 2
726 470 1
679 470 2
26 48 1
953 48 2
751 805 1
165 805 2
805 78 1
78 566 1
772 711 1
711 527 1
295 527 2
527 888 1
888 3 1
576 3 2
999 576 1
998 576 2
25 895 1
895 999 1
630 998 1
138 630 1
974 630 2
566 61 1
3 61 2
61 450 1
594 450 2
700 594 1
498 700 1
296 700 2
789 302 1
351 302 2
283 409 1
486 409 2
933 725 1
540 725 2
449 820 1
725 283 1
820 283 2
647 486 1
73 351 1
409 351 2
135 632 1
322 632 2
867 31 1
31 135 1
574 135 2
54 322 1
733 322 2
28 799 1
506 799 2
234 482 1
478 482 2
482 456 1
548 456 2
456 265 1
265 28 1
823 28 2
57 968 1
70 968 2
582 70 1
968 823 1
603 381 1
799 54 1
381 54 2
981 733 1
716 923 1
915 923 2
958 931 1
695 931 2
253 859 1
931 716 1
859 716 2
521 397 1
526 397 2
397 225 1
230 225 2
225 915 1
701 915 2
896 701 1
79 701 2
707 586 1
586 79 1
868 79 2
94 973 1
923 973 2
973 46 1
830 46 2
793 514 1
627 514 2
183 938 1
710 938 2
938 793 1
352 793 2
514 830 1
208 830 2
962 261 1
261 929 1
636 929 2
929 376 1
376 367 1
367 305 1
904 305 2
433 602 1
305 256 1
602 256 2
256 208 1
262 208 2
157 133 1
951 133 2
629 552 1
785 552 2
229 423 1
423 629 1
104 785 1
517 104 1
133 298 1
552 298 2
52 847 1
298 847 2
740 819 1
819 922 1
922 884 1
56 884 2
233 721 1
721 56 1
884 30 1
34 30 2
194 272 1
457 272 2
272 722 1
202 722 2
581 891 1
891 202 1
722 792 1
792 34 1
692 34 2
847 182 1
30 182 2
182 959 1
759 959 2
435 946 1
946 509 1
850 509 2
784 850 1
655 14 1
495 513 1
677 513 2
513 655 1
14 784 1
834 784 2
927 308 1
111 308 2
822 927 1
67 927 2
531 822 1
911 822 2
319 531 1
169 531 2
18 319 1
718 319 2
607 18 1
536 718 1
773 718 2
447 536 1
642 773 1
360 911 1
4 911 2
750 403 1
455 403 2
608 750 1
986 750 2
578 4 1
403 4 2
483 67 1
466 67 2
838 901 1
372 901 2
991 838 1
901 483 1
978 483 2
211 978 1
158 978 2
516 211 1
149 211 2
584 940 1
618 940 2
940 516 1
327 516 2
976 149 1
269 118 1
833 269 1
279 269 2
871 808 1
503 808 2
9 361 1
808 279 1
361 279 2
118 744 1
429 744 2
530 356 1
356 708 1
201 708 2
708 37 1
37 429 1
755 662 1
744 158 1
662 158 2
675 466 1
810 466 2
171 312 1
131 171 1
312 675 1
488 675 2
271 488 1
32 217 1
766 32 1
8 766 1
862 766 2
217 810 1
747 810 2
330 747 1
975 747 2
51 111 1
522 111 2
651 383 1
445 458 1
152 458 2
458 562 1
684 562 2
562 651 1
738 651 2
153 738 1
42 738 2
383 477 1
949 477 2
477 51 1
532 51 2
926 510 1
304 510 2
510 954 1
954 532 1
598 532 2
649 522 1
338 522 2
832 408 1
408 338 1
509 260 1
308 260 2
260 146 1
5 146 2
318 960 1
957 960 2
156 898 1
619 898 2
263 156 1
144 156 2
769 144 1
559 144 2
898 880 1
231 687 1
776 687 2
687 267 1
292 267 2
126 292 1
880 318 1
267 318 2
983 112 1
323 112 2
59 20 1
20 812 1
812 281 1
419 281 2
281 563 1
310 563 2
301 310 1
112 957 1
563 957 2
960 5 1
950 5 2
831 950 1
728 950 2
375 184 1
671 184 2
184 831 1
543 728 1
856 770 1
168 770 2
855 856 1
955 856 2
147 402 1
783 402 2
114 306 1
191 306 2
162 462 1
462 191 1
306 147 1
894 147 2
368 783 1
254 783 2
667 368 1
151 667 1
547 667 2
883 523 1
74 523 2
460 703 1
676 703 2
122 588 1
206 588 2
119 122 1
520 206 1
11 206 2
585 538 1
33 538 2
588 899 1
538 899 2
899 460 1
979 460 2
430 945 1
788 945 2
945 979 1
496 979 2
703 883 1
35 883 2
734 35 1
984 290 1
290 401 1
401 589 1
589 354 1
205 354 2
371 729 1
354 218 1
729 218 2
92 994 1
27 994 2
336 27 1
218 74 1
994 74 2
402 297 1
523 297 2
366 311 1
502 311 2
358 259 1
386 259 2
259 502 1
892 813 1
340 813 2
813 567 1
80 567 2
567 170 1
170 995 1
108 995 2
995 209 1
736 209 2
209 55 1
341 55 2
660 860 1
860 341 1
900 341 2
39 289 1
289 900 1
145 900 2
311 539 1
55 539 2
297 357 1
539 357 2
357 855 1
494 855 2
681 737 1
737 123 1
688 123 2
484 688 1
123 250 1
874 250 2
129 529 1
421 826 1
529 66 1
826 66 2
451 614 1
83 451 1
817 451 2
614 69 1
228 69 2
69 565 1
407 565 2
326 207 1
853 207 2
207 407 1
66 384 1
565 384 2
384 874 1
528 874 2
370 638 1
638 609 1
210 609 2
609 235 1
241 965 1
500 241 1
235 742 1
965 742 2
742 558 1
767 558 2
542 767 1
89 329 1
329 439 1
439 542 1
264 192 1
803 192 2
476 247 1
247 6 1
389 6 2
192 317 1
6 317 2
558 937 1
317 937 2
250 494 1
937 494 2
373 879 1
825 879 2
763 373 1
461 373 2
164 763 1
583 763 2
394 731 1
278 394 1
731 167 1
2 167 2
167 164 1
595 164 2
185 595 1
921 595 2
881 185 1
626 583 1
849 583 2
160 420 1
809 420 2
150 809 1
420 626 1
270 626 2
635 849 1
248 849 2
406 461 1
180 461 2
878 406 1
226 406 2
60 878 1
656 347 1
982 60 1
347 60 2
214 226 1
650 226 2
840 180 1
760 180 2
398 840 1
480 840 2
288 757 1
757 398 1
190 398 2
897 480 1
316 897 1
277 720 1
720 99 1
273 99 2
88 10 1
86 307 1
10 307 2
723 936 1
936 197 1
197 648 1
236 648 2
307 771 1
648 771 2
95 664 1
771 947 1
664 947 2
99 777 1
947 777 2
777 825 1
633 825 2
120 814 1
905 814 2
424 120 1
969 424 1
657 905 1
924 657 1
814 633 1
939 633 2
879 955 1
620 955 2
90 620 1
426 620 2
956 652 1
652 90 1
335 426 1
575 680 1
364 680 2
274 575 1
139 893 1
374 893 2
45 139 1
753 374 1
64 753 1
561 753 2
227 990 1
990 704 1
893 364 1
704 364 2
680 487 1
507 487 2
452 790 1
966 691 1
790 507 1
691 507 2
163 988 1
963 988 2
988 613 1
621 613 2
885 621 1
487 920 1
613 920 2
920 886 1
467 886 2
902 400 1
475 400 2
623 902 1
768 902 2
852 475 1
815 806 1
658 815 1
400 198 1
806 198 2
864 284 1
284 917 1
673 917 2
515 987 1
917 653 1
987 653 2
198 467 1
653 467 2
685 524 1
459 524 2
869 685 1
935 685 2
76 869 1
395 869 2
463 49 1
49 935 1
438 935 2
843 997 1
997 155 1
155 459 1
117 459 2
524 309 1
943 309 2
533 943 1
309 824 1
886 168 1
824 168 2
146 759 1
770 759 2
959 996 1
349 996 2
702 107 1
505 107 2
246 244 1
244 29 1
411 181 1
544 181 2
925 387 1
387 668 1
321 411 1
668 411 2
77 544 1
199 544 2
29 697 1
181 697 2
697 200 1
661 200 2
320 661 1
200 702 1
854 702 2
732 854 1
344 93 1
432 93 2
800 762 1
762 175 1
175 534 1
534 344 1
93 505 1
572 505 2
107 643 1
115 643 2
870 115 1
325 115 2
221 242 1
442 242 2
569 908 1
908 839 1
839 442 1
128 442 2
242 844 1
844 706 1
643 349 1
706 349 2
1000
785 850 1
848 850 2
402 584 1
589 584 2
967 402 1
116 402 2
401 589 1
309 401 1
437 401 2
377 437 1
595 679 1
582 595 1
584 210 1
679 210 2
994 137 1
210 98 1
137 98 2
842 948 1
892 948 2
948 502 1
60 889 1
889 368 1
502 819 1
368 819 2
819 937 1
25 937 2
148 25 1
757 637 1
937 733 1
637 733 2
900 221 1
240 451 1
221 451 2
733 334 1
451 334 2
98 776 1
334 776 2
606 143 1
885 143 2
972 469 1
75 899 1
307 972 1
899 972 2
469 606 1
671 606 2
826 682 1
507 682 2
305 507 1
682 671 1
565 885 1
918 835 1
143 653 1
835 653 2
776 785 1
653 785 2
552 983 1
197 983 2
40 951 1
272 951 2
860 272 1
951 197 1
975 197 2
668 95 1
95 975 1
202 975 2
983 848 1
127 848 2
719 127 1
397 127 2
417 521 1
301 521 2
521 549 1
622 549 2
549 719 1
898 397 1
916 397 2
850 803 1
512 803 2
431 634 1
635 634 2
815 345 1
525 345 2
211 436 1
289 436 2
847 211 1
590 211 2
436 58 1
467 58 2
868 49 1
58 815 1
49 815 2
428 66 1
147 66 2
66 525 1
345 122 1
157 122 2
801 8 1
155 8 2
861 173 1
852 173 2
268 834 1
429 834 2
807 268 1
534 268 2
597 311 1
164 311 2
81 597 1
450 597 2
480 694 1
931 340 1
843 340 2
804 194 1
340 194 2
395 930 1
194 291 1
930 291 2
291 798 1
694 393 1
798 393 2
939 369 1
393 81 1
369 81 2
811 450 1
324 450 2
554 811 1
678 844 1
426 844 2
218 678 1
820 426 1
311 598 1
844 598 2
598 807 1
264 807 2
1 264 1
14 266 1
605 14 1
266 339 1
339 534 1
379 429 1
359 825 1
825 457 1
977 457 2
834 692 1
457 692 2
692 861 1
979 861 2
742 979 1
593 979 2
482 742 1
674 742 2
389 593 1
338 593 2
224 389 1
53 389 2
705 224 1
5 224 2
701 53 1
102 53 2
108 701 1
575 338 1
950 338 2
940 124 1
124 117 1
117 500 1
500 55 1
55 971 1
336 971 2
490 208 1
971 575 1
208 575 2
978 950 1
41 882 1
316 882 2
882 681 1
548 789 1
681 852 1
789 852 2
96 180 1
136 180 2
180 97 1
185 787 1
97 474 1
787 474 2
474 77 1
556 77 2
176 178 1
936 176 1
284 176 2
178 806 1
87 806 2
810 330 1
330 392 1
392 87 1
394 87 2
806 973 1
840 973 2
973 556 1
77 693 1
609 693 2
501 256 1
285 256 2
901 337 1
299 337 2
13 901 1
486 299 1
256 609 1
337 609 2
347 366 1
693 398 1
366 398 2
173 933 1
398 933 2
530 181 1
35 181 2
7 771 1
193 771 2
381 531 1
895 531 2
46 140 1
531 7 1
140 7 2
335 168 1
904 168 2
168 193 1
771 227 1
52 227 2
227 530 1
421 530 2
265 421 1
774 421 2
800 158 1
874 576 1
576 800 1
158 142 1
980 142 2
435 980 1
142 993 1
650 993 2
560 650 1
993 35 1
247 35 2
181 444 1
488 444 2
241 144 1
144 612 1
537 991 1
391 991 2
614 493 1
493 537 1
73 537 2
731 596 1
596 391 1
612 857 1
991 857 2
857 488 1
64 488 2
343 64 1
884 64 2
444 93 1
494 93 2
919 998 1
93 28 1
998 28 2
533 367 1
879 367 2
463 533 1
914 879 1
367 441 1
59 441 2
76 59 1
441 758 1
322 758 2
751 322 1
232 751 1
217 858 1
758 856 1
858 856 2
456 443 1
352 456 1
856 433 1
443 433 2
28 403 1
433 403 2
933 801 1
403 801 2
748 527 1
641 527 2
1000 748 1
104 362 1
527 155 1
362 155 2
122 431 1
8 431 2
100 890 1
141 890 2
509 100 1
855 483 1
483 846 1
550 846 2
846 141 1
234 141 2
201 661 1
341 661 2
890 635 1
661 635 2
634 512 1
761 512 2
62 761 1
106 761 2
320 156 1
290 156 2
728 290 1
156 62 1
3 62 2
386 42 1
39 386 1
946 328 1
542 328 2
177 946 1
131 946 2
877 131 1
42 3 1
328 3 2
873 106 1
543 106 2
329 873 1
563 873 2
472 399 1
399 43 1
270 43 2
687 329 1
43 329 2
610 563 1
718 278 1
153 278 2
21 153 1
960 153 2
278 610 1
794 610 2
803 881 1
691 881 2
162 691 1
659 691 2
103 162 1
459 162 2
146 952 1
477 952 2
935 477 1
952 778 1
361 778 2
518 273 1
625 273 2
710 518 1
599 518 2
318 608 1
608 296 1
109 296 2
296 468 1
45 468 2
547 45 1
468 927 1
833 927 2
190 223 1
133 223 2
223 321 1
321 583 1
927 796 1
583 796 2
273 361 1
796 361 2
778 669 1
908 70 1
669 628 1
70 628 2
628 170 1
388 170 2
191 79 1
588 79 2
667 588 1
544 308 1
657 308 2
145 544 1
261 145 1
130 657 1
938 657 2
79 388 1
308 388 2
170 371 1
276 371 2
700 276 1
112 276 2
808 700 1
824 700 2
228 866 1
639 866 2
866 808 1
408 824 1
152 139 1
580 965 1
965 152 1
139 408 1
9 112 1
736 9 1
371 103 1
238 103 2
107 204 1
125 204 2
204 238 1
12 238 2
314 12 1
304 459 1
830 459 2
111 74 1
222 535 1
535 111 1
74 304 1
928 304 2
333 532 1
298 375 1
532 375 2
354 219 1
375 928 1
219 928 2
387 51 1
51 830 1
690 830 2
159 659 1
37 659 2
601 63 1
749 63 2
48 213 1
969 213 2
172 48 1
876 969 1
138 876 1
516 876 2
213 601 1
888 601 2
870 888 1
670 888 2
442 569 1
569 720 1
720 870 1
913 870 2
636 670 1
134 749 1
63 165 1
476 165 2
887 476 1
968 476 2
165 174 1
455 174 2
174 702 1
19 702 2
372 19 1
702 159 1
212 159 2
171 376 1
648 376 2
68 171 1
280 648 1
244 648 2
464 280 1
529 280 2
471 832 1
920 832 2
564 471 1
538 478 1
29 920 1
478 920 2
242 703 1
832 828 1
703 828 2
505 726 1
828 464 1
726 464 2
195 129 1
237 129 2
985 195 1
665 195 2
514 665 1
723 237 1
101 723 1
129 529 1
698 697 1
738 697 2
697 244 1
616 244 2
376 212 1
673 212 2
257 775 1
722 251 1
251 257 1
775 37 1
627 37 2
905 235 1
169 905 1
863 409 1
235 409 2
409 627 1
966 627 2
380 854 1
18 854 2
894 214 1
645 214 2
812 779 1
118 779 2
123 812 1
353 812 2
955 404 1
932 404 2
245 955 1
651 955 2
383 912 1
260 912 2
206 717 1
717 383 1
871 383 2
672 260 1
992 520 1
520 708 1
676 708 2
912 651 1
708 651 2
707 115 1
745 115 2
404 27 1
115 27 2
27 123 1
196 123 2
192 574 1
546 574 2
574 65 1
313 65 2
154 313 1
934 313 2
65 196 1
524 196 2
286 54 1
953 54 2
865 981 1
981 286 1
54 886 1
497 886 2
886 902 1
727 902 2
997 727 1
867 684 1
684 997 1
902 524 1
654 524 2
365 26 1
26 654 1
587 654 2
323 253 1
763 652 1
675 652 2
132 600 1
600 675 1
579 675 2
259 323 1
652 323 2
253 6 1
805 6 2
752 805 1
6 838 1
198 838 2
818 198 1
113 198 2
647 818 1
772 818 2
572 113 1
780 578 1
578 729 1
458 729 2
838 61 1
729 61 2
836 364 1
10 364 2
349 836 1
390 559 1
511 559 2
559 349 1
440 349 2
695 10 1
995 10 2
963 412 1
364 594 1
412 594 2
61 353 1
594 353 2
906 989 1
954 989 2
624 906 1
797 624 1
378 797 1
714 797 2
271 603 1
893 603 2
603 184 1
184 954 1
640 954 2
161 640 1
817 640 2
263 739 1
545 739 2
453 263 1
725 453 1
540 725 1
332 725 2
413 540 1
795 540 2
944 413 1
420 795 1
784 545 1
739 370 1
346 370 2
989 118 1
370 118 2
105 592 1
897 592 2
522 759 1
845 759 2
759 425 1
425 269 1
644 120 1
823 120 2
119 655 1
655 823 1
385 496 1
496 326 1
360 326 2
120 573 1
326 573 2
269 246 1
573 246 2
246 105 1
414 105 2
802 414 1
220 414 2
466 374 1
712 374 2
374 770 1
770 179 1
809 179 2
566 910 1
460 910 2
686 566 1
233 813 1
348 813 2
813 460 1
788 839 1
839 515 1
470 515 2
910 485 1
515 485 2
179 281 1
485 281 2
281 88 1
481 88 2
297 481 1
88 536 1
891 536 2
633 498 1
864 498 2
498 292 1
711 292 2
475 711 1
292 756 1
699 756 2
756 891 1
300 891 2
536 875 1
91 875 2
473 649 1
24 649 2
649 827 1
907 827 2
766 34 1
34 585 1
585 907 1
207 907 2
827 267 1
243 267 2
730 277 1
277 243 1
814 243 2
163 288 1
613 288 2
568 427 1
617 568 1
427 630 1
630 56 1
783 287 1
56 163 1
287 163 2
126 506 1
506 715 1
255 715 2
716 689 1
689 33 1
715 363 1
33 363 2
363 613 1
558 613 2
267 91 1
288 91 2
875 897 1
743 897 2
36 743 1
878 743 2
688 36 1
777 36 2
504 688 1
557 688 2
373 504 1
837 666 1
896 753 1
666 445 1
753 445 2
445 849 1
956 849 2
849 777 1
615 777 2
970 492 1
664 492 2
239 872 1
150 970 1
872 970 2
949 929 1
929 664 1
492 878 1
200 878 2
779 894 1
592 894 2
988 645 1
880 645 2
750 988 1
446 988 2
325 231 1
231 38 1
677 38 2
38 151 1
57 151 2
331 57 1
760 57 2
746 331 1
110 331 2
216 746 1
769 110 1
656 769 1
786 656 1
203 656 2
909 430 1
89 430 2
430 166 1
69 166 2
166 432 1
438 432 2
151 342 1
432 342 2
342 750 1
183 750 2
821 792 1
921 821 1
799 503 1
503 623 1
623 462 1
755 462 2
958 306 1
553 306 2
4 84 1
84 553 1
182 553 2
462 400 1
306 400 2
792 183 1
400 183 2
11 446 1
517 446 2
226 567 1
519 999 1
135 999 2
47 519 1
737 135 1
551 135 2
567 782 1
999 782 2
327 822 1
562 822 2
782 11 1
822 11 2
762 915 1
841 915 2
859 841 1
586 841 2
915 754 1
768 754 2
274 768 1
236 986 1
986 434 1
816 434 2
571 816 1
754 495 1
434 495 2
495 517 1
732 883 1
741 883 2
23 555 1
947 555 2
32 319 1
591 319 2
862 642 1
724 642 2
16 94 1
94 862 1
618 862 2
642 734 1
248 734 2
734 209 1
209 32 1
319 23 1
160 23 2
283 449 1
632 449 2
449 160 1
555 732 1
83 732 2
295 741 1
883 510 1
357 510 2
510 880 1
31 880 2
214 380 1
680 380 2
230 680 1
382 680 2
526 230 1
258 230 2
984 67 1
303 67 2
721 350 1
964 250 1
189 250 2
250 539 1
539 735 1
2 735 2
735 747 1
706 747 2
350 82 1
747 82 2
82 660 1
976 660 2
660 984 1
44 984 2
629 44 1
925 44 2
513 629 1
961 513 1
853 925 1
17 303 1
791 303 2
790 663 1
262 663 2
638 851 1
439 851 2
851 790 1
663 72 1
225 72 2
744 225 1
793 225 2
187 561 1
561 767 1
767 744 1
643 744 2
67 422 1
72 422 2
422 80 1
611 188 1
740 611 1
302 611 2
80 526 1
188 526 2
384 279 1
358 279 2
941 709 1
709 447 1
447 384 1
50 384 2
229 358 1
279 258 1
479 258 2
911 479 1
312 479 2
317 382 1
658 382 2
78 317 1
275 317 2
249 175 1
424 175 2
416 215 1
252 215 2
215 249 1
764 249 2
282 713 1
175 78 1
713 78 2
646 30 1
30 86 1
423 86 2
86 982 1
982 923 1
199 903 1
923 903 2
903 275 1
917 275 2
685 658 1
355 658 2
996 18 1
90 18 2
167 620 1
20 620 2
607 294 1
465 294 2
22 943 1
943 607 1
128 607 2
491 869 1
869 128 1
405 128 2
662 959 1
959 704 1
704 465 1
294 922 1
508 922 2
922 974 1
926 974 2
696 926 1
962 926 2
581 149 1
149 396 1
254 396 2
602 484 1
484 411 1
411 577 1
765 577 2
577 92 1
121 92 2
396 310 1
92 310 2
974 114 1
310 114 2
114 167 1
499 167 2
418 604 1
419 604 2
683 990 1
452 990 2
990 418 1
781 418 2
406 924 1
924 781 1
604 499 1
71 499 2
186 461 1
315 461 2
461 20 1
945 20 2
351 945 1
620 631 1
626 631 2
448 626 1
831 626 2
773 448 1
489 448 2
570 831 1
410 987 1
631 996 1
987 996 2
15 344 1
85 344 2
407 541 1
829 541 2
454 957 1
621 407 1
957 407 2
541 99 1
523 99 2
99 15 1
205 15 2
619 85 1
487 85 2
942 356 1
356 528 1
293 528 2
344 90 1
528 90 2
881 415 1
854 415 2
1000
215 498 1
571 498 2
498 839 1
165 839 2
80 505 1
505 165 1
735 165 2
839 829 1
676 829 2
429 361 1
954 429 1
638 822 1
361 822 2
822 676 1
773 676 2
500 862 1
961 862 2
862 502 1
417 724 1
305 318 1
724 318 2
502 773 1
318 773 2
59 997 1
57 997 2
259 59 1
597 59 2
450 519 1
349 519 2
518 6 1
216 186 1
6 186 2
186 615 1
368 615 2
395 135 1
135 368 1
981 368 2
615 760 1
639 760 2
945 34 1
70 34 2
592 909 1
909 127 1
338 127 2
127 945 1
532 945 2
779 532 1
716 70 1
678 70 2
844 716 1
989 716 2
205 344 1
344 994 1
207 393 1
393 623 1
994 844 1
623 844 2
707 261 1
998 261 2
482 989 1
261 989 2
535 678 1
760 923 1
34 923 2
778 562 1
650 562 2
247 778 1
224 247 1
591 267 1
170 267 2
986 591 1
331 170 1
562 411 1
267 411 2
377 458 1
458 477 1
411 151 1
477 151 2
401 543 1
151 687 1
543 687 2
923 450 1
687 450 2
270 349 1
254 349 2
22 422 1
866 705 1
422 254 1
705 254 2
811 904 1
904 233 1
233 268 1
268 637 1
691 637 2
175 861 1
551 861 2
861 237 1
490 266 1
589 266 2
266 936 1
237 225 1
936 225 2
637 399 1
225 399 2
530 480 1
552 480 2
385 530 1
483 530 2
431 385 1
99 431 1
640 431 2
150 910 1
378 910 2
524 508 1
334 508 2
723 524 1
508 378 1
910 483 1
824 483 2
769 824 1
963 155 1
461 155 2
314 963 1
624 963 2
350 314 1
880 624 1
176 461 1
155 552 1
90 552 2
631 90 1
399 52 1
480 52 2
783 465 1
873 465 2
664 726 1
453 481 1
481 940 1
940 664 1
520 664 2
726 783 1
744 783 2
806 767 1
142 767 2
767 744 1
752 744 2
900 873 1
886 4 1
398 4 2
897 704 1
410 704 2
658 56 1
113 56 2
618 658 1
617 804 1
804 354 1
56 897 1
354 897 2
163 452 1
452 410 1
400 410 2
704 886 1
340 886 2
962 398 1
465 887 1
4 887 2
887 795 1
679 795 2
581 679 1
951 679 2
18 968 1
968 581 1
784 581 2
52 484 1
795 484 2
519 235 1
484 235 2
45 814 1
854 814 2
122 45 1
834 45 2
718 843 1
843 854 1
315 854 2
235 259 1
814 259 2
798 892 1
689 892 2
546 689 1
892 797 1
317 343 1
797 343 2
703 853 1
185 853 2
853 406 1
503 406 2
372 503 1
291 503 2
343 597 1
406 597 2
462 61 1
777 61 2
659 460 1
42 460 2
741 42 1
788 42 2
460 980 1
912 612 1
73 912 1
25 912 2
522 73 1
612 646 1
414 646 2
818 353 1
353 414 1
280 584 1
660 889 1
371 374 1
374 621 1
907 621 2
621 660 1
584 253 1
889 253 2
646 40 1
253 40 2
980 462 1
40 462 2
964 780 1
613 780 2
780 777 1
219 777 2
496 713 1
826 154 1
84 154 2
154 496 1
171 496 2
713 219 1
884 219 2
648 884 1
985 884 2
61 541 1
360 541 2
455 360 1
628 360 2
956 628 1
33 628 2
166 956 1
262 956 2
541 365 1
383 365 2
913 488 1
576 488 2
722 913 1
645 913 2
836 153 1
158 153 2
153 979 1
914 979 2
734 758 1
885 758 2
978 734 1
683 322 1
445 322 2
322 885 1
51 885 2
537 245 1
731 217 1
245 51 1
217 51 2
979 825 1
758 825 2
825 722 1
210 722 2
329 645 1
488 383 1
226 383 2
357 938 1
629 938 2
938 226 1
470 356 1
738 470 1
356 425 1
871 425 2
870 871 1
192 871 2
425 427 1
396 427 2
840 606 1
789 606 2
821 840 1
675 469 1
694 469 2
469 789 1
606 456 1
456 995 1
995 396 1
269 396 2
427 876 1
118 876 2
622 156 1
156 118 1
464 118 2
911 464 1
876 983 1
337 983 2
525 977 1
335 977 2
794 525 1
882 525 2
894 782 1
896 782 2
301 894 1
655 539 1
674 352 1
577 298 1
352 373 1
298 373 2
539 301 1
373 301 2
144 686 1
918 686 2
294 144 1
891 144 2
709 294 1
300 918 1
686 896 1
782 335 1
792 335 2
82 792 1
977 337 1
91 337 2
112 96 1
96 83 1
162 83 2
83 95 1
95 306 1
306 91 1
365 57 1
983 57 2
829 286 1
997 286 2
526 593 1
740 593 2
114 526 1
316 526 2
123 114 1
346 114 2
554 308 1
308 316 1
504 568 1
428 511 1
587 428 1
568 740 1
511 740 2
593 227 1
590 227 2
725 590 1
227 68 1
702 68 2
926 702 1
168 702 2
902 926 1
228 926 2
38 902 1
605 228 1
157 168 1
121 921 1
240 921 2
888 121 1
381 121 2
569 888 1
182 888 2
668 454 1
278 668 1
454 182 1
32 182 2
1 381 1
509 381 2
292 1 1
159 509 1
128 728 1
688 728 2
87 169 1
169 619 1
384 619 2
67 384 1
619 246 1
246 688 1
728 563 1
958 563 2
130 958 1
53 958 2
471 53 1
563 240 1
960 240 2
925 960 1
446 960 2
921 58 1
644 58 2
58 69 1
627 69 2
970 319 1
319 661 1
661 402 1
402 627 1
36 627 2
517 801 1
290 565 1
801 565 2
565 965 1
387 965 2
69 323 1
965 323 2
323 636 1
63 636 2
917 63 1
930 63 2
441 55 1
279 55 2
864 955 1
955 256 1
3 256 2
256 785 1
358 785 2
363 358 1
55 917 1
785 917 2
772 930 1
348 232 1
223 232 2
636 881 1
232 881 2
881 755 1
857 755 2
515 347 1
611 347 2
973 564 1
147 564 2
345 973 1
242 230 1
656 64 1
64 242 1
230 345 1
905 345 2
816 550 1
550 418 1
418 147 1
564 93 1
842 93 2
600 572 1
49 572 2
10 49 1
572 842 1
302 388 1
388 200 1
93 24 1
200 24 2
737 449 1
475 737 1
753 737 2
558 475 1
699 475 2
790 436 1
695 436 2
152 790 1
436 558 1
332 558 2
919 332 1
24 515 1
449 515 2
347 857 1
711 857 2
312 234 1
440 234 2
745 440 1
234 828 1
536 828 2
60 536 1
828 711 1
125 711 2
974 869 1
351 869 2
869 125 1
362 125 2
190 362 1
236 362 2
950 190 1
533 236 1
68 865 1
755 865 2
865 327 1
333 327 2
856 931 1
474 931 2
203 856 1
616 285 1
931 285 2
177 883 1
285 883 2
883 566 1
875 333 1
566 333 2
890 847 1
46 847 2
97 20 1
239 20 2
107 97 1
473 97 2
850 355 1
604 355 2
89 700 1
468 990 1
990 28 1
700 850 1
28 850 2
129 277 1
277 604 1
872 604 2
218 79 1
501 79 2
355 929 1
79 929 2
575 39 1
559 39 2
555 588 1
276 41 1
588 41 2
630 952 1
41 575 1
952 575 2
759 2 1
2 559 1
289 309 1
710 309 2
23 681 1
681 289 1
179 289 2
39 787 1
309 787 2
929 107 1
787 107 2
830 670 1
13 670 2
188 13 1
197 13 2
180 188 1
693 180 1
311 193 1
193 197 1
547 197 2
670 473 1
860 473 2
77 326 1
776 326 2
202 579 1
88 579 2
102 202 1
295 102 1
260 88 1
579 690 1
903 264 1
746 264 2
690 77 1
264 77 2
851 71 1
30 851 1
310 30 1
754 30 2
15 682 1
682 310 1
71 776 1
512 776 2
491 258 1
320 206 1
800 206 2
206 491 1
258 512 1
397 512 2
326 510 1
807 510 2
283 807 1
241 807 2
999 283 1
527 76 1
76 330 1
161 330 2
330 573 1
27 573 2
855 321 1
321 27 1
573 999 1
75 241 1
874 241 2
299 976 1
548 976 2
560 299 1
369 389 1
915 389 2
708 915 1
472 988 1
988 708 1
389 560 1
439 560 2
736 439 1
625 736 1
404 548 1
487 442 1
748 442 2
43 957 1
167 957 2
879 513 1
513 412 1
412 199 1
957 303 1
199 303 2
303 487 1
928 487 2
86 136 1
932 136 2
136 748 1
976 75 1
442 75 2
601 109 1
596 109 2
109 108 1
796 108 2
108 874 1
523 874 2
131 257 1
359 257 2
717 359 1
407 717 1
877 407 1
510 239 1
257 239 2
751 213 1
685 213 2
845 751 1
641 751 2
54 845 1
941 54 1
173 62 1
62 641 1
35 729 1
729 685 1
21 685 2
466 21 1
117 478 1
478 764 1
657 764 2
213 164 1
764 164 2
20 890 1
164 890 2
521 692 1
272 692 2
106 231 1
1000 231 2
803 106 1
908 598 1
598 803 1
263 803 2
11 942 1
942 5 1
893 5 2
966 893 1
448 893 2
16 966 1
733 133 1
189 733 1
133 448 1
447 448 2
426 447 1
5 1000 1
50 1000 2
231 756 1
489 756 2
756 521 1
12 521 2
671 849 1
849 196 1
392 732 1
959 732 2
196 12 1
732 12 2
574 272 1
832 272 2
715 662 1
662 652 1
652 187 1
220 187 2
187 832 1
692 727 1
507 727 2
26 653 1
653 651 1
651 47 1
391 47 2
878 391 1
47 507 1
174 507 2
714 413 1
815 714 1
413 609 1
583 609 2
609 85 1
762 85 2
421 762 1
85 174 1
557 174 2
435 557 1
727 46 1
423 46 2
608 249 1
307 249 2
139 858 1
244 858 2
29 139 1
953 139 2
775 647 1
927 647 2
647 29 1
405 29 2
898 405 1
805 405 2
281 898 1
132 265 1
296 265 2
265 805 1
992 805 2
104 494 1
98 494 2
288 370 1
506 370 2
494 953 1
370 953 2
791 208 1
620 208 2
273 791 1
375 791 2
459 273 1
419 375 1
444 419 1
585 419 2
971 620 1
208 817 1
325 817 2
434 325 1
194 325 2
336 194 1
420 194 2
859 901 1
761 901 2
901 65 1
65 939 1
160 939 2
817 244 1
939 244 2
858 608 1
342 608 2
720 342 1
673 342 2
672 720 1
867 720 2
946 867 1
706 867 2
633 307 1
667 307 2
697 633 1
111 633 2
229 697 1
143 697 2
698 812 1
634 812 2
379 561 1
561 852 1
852 634 1
933 634 2
987 933 1
935 933 2
812 138 1
138 229 1
386 229 2
701 386 1
251 386 2
432 701 1
996 251 1
44 599 1
599 143 1
799 297 1
297 586 1
209 111 1
586 111 2
495 667 1
595 982 1
943 937 1
92 937 2
282 92 1
632 282 1
937 765 1
463 765 2
765 595 1
916 595 2
249 430 1
982 430 2
430 423 1
221 423 2
603 221 1
582 221 2
993 603 1
443 556 1
141 556 2
497 287 1
567 287 2
948 833 1
833 497 1
610 497 2
14 7 1
7 610 1
635 567 1
666 567 2
31 635 1
614 635 2
542 115 1
786 115 2
115 457 1
457 31 1
492 614 1
750 614 2
148 666 1
287 443 1
376 443 2
649 376 1
364 120 1
120 141 1
514 141 2
663 184 1
146 184 2
416 146 1
201 416 1
66 201 1
556 793 1
184 793 2
793 739 1
544 739 2
529 544 1
408 544 2
721 408 1
847 195 1
739 195 2
742 549 1
255 549 2
906 742 1
944 742 2
680 198 1
198 944 1
137 255 1
145 255 2
214 137 1
394 145 1
823 578 1
119 578 2
48 949 1
313 949 2
969 665 1
642 665 2
243 642 1
534 642 2
100 243 1
94 534 1
665 819 1
116 819 2
819 48 1
813 48 2
841 934 1
934 275 1
275 813 1
810 813 2
37 313 1
248 313 2
924 382 1
382 304 1
467 696 1
696 409 1
304 37 1
409 37 2
293 984 1
949 823 1
984 823 2
424 119 1
324 119 2
380 328 1
809 684 1
328 324 1
684 324 2
549 580 1
578 580 2
580 540 1
730 540 2
570 9 1
181 9 2
838 570 1
848 570 2
341 838 1
367 838 2
770 17 1
433 516 1
516 770 1
17 848 1
81 181 1
771 181 2
9 774 1
74 774 2
271 74 1
774 643 1
451 643 2
339 451 1
415 451 2
110 654 1
284 183 1
626 183 2
183 110 1
140 110 2
204 140 1
808 719 1
654 719 2
719 339 1
72 339 2
747 602 1
602 366 1
366 415 1
837 415 2
250 837 1
768 837 2
643 730 1
766 730 2
403 101 1
528 101 2
895 403 1
101 222 1
967 222 2
222 149 1
103 149 2
991 846 1
763 991 1
19 863 1
975 863 2
486 19 1
134 19 2
757 134 1
863 922 1
607 922 2
479 607 1
499 479 1
922 531 1
972 531 2
846 103 1
531 103 2
149 178 1
831 178 2
947 124 1
920 124 2
8 947 1
553 8 1
545 8 2
105 126 1
126 920 1
124 831 1
781 831 2
211 594 1
212 211 1
712 211 2
868 820 1
743 820 2
78 868 1
274 868 2
749 78 1
191 743 1
538 191 1
390 172 1
437 172 2
820 212 1
172 212 2
802 712 1
669 712 2
594 781 1
677 781 2
252 238 1
238 438 1
827 438 2
493 485 1
485 827 1
178 766 1
438 766 2
195 476 1
540 476 2
327 899 1
476 899 2
286 835 1
899 835 2
1000
199 82 1
284 82 2
689 710 1
645 710 2
708 376 1
710 434 1
376 434 2
871 276 1
276 706 1
434 553 1
706 553 2
553 990 1
928 990 2
990 893 1
775 893 2
893 927 1
927 345 1
224 345 2
59 387 1
647 387 2
387 224 1
912 224 2
204 912 1
679 912 2
345 946 1
563 946 2
962 148 1
91 100 1
754 100 2
438 754 1
148 563 1
100 563 2
946 716 1
690 716 2
371 690 1
851 831 1
662 831 2
567 851 1
248 572 1
985 572 2
186 107 1
872 107 2
295 66 1
107 66 2
878 191 1
66 191 2
191 248 1
221 248 2
755 205 1
263 205 2
684 117 1
117 477 1
935 477 2
477 755 1
205 985 1
336 985 2
764 949 1
949 986 1
133 986 2
216 133 1
986 336 1
309 336 2
465 309 1
564 640 1
896 997 1
997 564 1
577 564 2
855 577 1
572 567 1
640 567 2
549 415 1
377 415 2
207 715 1
715 731 1
731 549 1
996 377 1
209 377 2
415 505 1
504 505 2
712 504 1
121 504 2
795 712 1
505 662 1
43 662 2
99 43 1
924 43 2
716 199 1
831 199 2
166 284 1
560 284 2
171 560 1
533 560 2
508 324 1
324 877 1
247 877 2
442 766 1
31 766 2
165 821 1
821 442 1
385 442 2
877 866 1
766 866 2
866 171 1
882 171 2
258 533 1
490 533 2
557 490 1
82 149 1
212 149 2
489 885 1
290 885 2
545 489 1
511 489 2
249 545 1
210 545 2
176 491 1
869 491 2
170 176 1
793 85 1
85 869 1
598 869 2
491 361 1
217 751 1
751 999 1
439 999 2
999 101 1
391 101 2
361 81 1
101 81 2
283 270 1
270 723 1
723 427 1
81 231 1
427 231 2
897 390 1
104 390 2
632 104 1
574 104 2
913 565 1
565 559 1
541 559 2
390 964 1
559 964 2
515 266 1
734 266 2
386 888 1
407 888 2
463 243 1
243 407 1
888 57 1
814 57 2
57 515 1
308 515 2
998 568 1
568 308 1
628 308 2
761 75 1
703 75 2
75 628 1
311 734 1
476 734 2
458 311 1
437 311 2
842 398 1
398 544 1
544 437 1
467 437 2
652 476 1
934 652 1
964 256 1
266 256 2
231 249 1
256 249 2
942 210 1
749 210 2
797 942 1
362 942 2
788 797 1
923 797 2
824 788 1
593 788 2
430 936 1
162 936 2
936 824 1
252 824 2
127 225 1
225 252 1
639 630 1
630 593 1
181 593 2
604 923 1
206 923 2
153 362 1
123 362 2
315 392 1
382 392 2
774 383 1
383 164 1
164 315 1
461 315 2
392 153 1
838 153 2
187 838 1
526 838 2
651 187 1
902 187 2
300 180 1
30 358 1
180 358 2
358 651 1
316 651 2
889 316 1
546 902 1
860 902 2
566 695 1
203 695 2
695 546 1
369 546 2
621 977 1
977 526 1
812 526 2
843 688 1
379 688 2
76 843 1
184 843 2
350 379 1
168 379 2
534 350 1
916 350 2
497 2 1
399 2 2
696 516 1
516 378 1
115 378 2
2 916 1
378 916 2
605 485 1
485 168 1
588 168 2
688 123 1
211 123 2
93 910 1
631 910 2
776 93 1
228 93 2
561 307 1
307 62 1
62 312 1
312 228 1
643 631 1
961 631 2
753 760 1
44 664 1
664 753 1
760 132 1
134 472 1
472 698 1
132 961 1
698 961 2
858 705 1
305 705 2
910 975 1
705 975 2
975 692 1
692 749 1
1 749 2
725 835 1
981 313 1
548 313 2
313 595 1
777 595 2
595 600 1
600 281 1
137 281 2
532 137 1
113 137 2
29 532 1
581 717 1
242 717 2
717 29 1
282 29 2
58 862 1
527 862 2
862 282 1
208 282 2
929 208 1
201 113 1
627 113 2
403 627 1
357 627 2
835 1 1
281 1 2
317 96 1
15 96 2
331 329 1
676 331 1
958 331 2
980 570 1
570 676 1
329 317 1
969 317 2
22 447 1
447 15 1
96 323 1
926 922 1
792 922 2
874 926 1
663 668 1
668 792 1
323 829 1
922 829 2
829 654 1
609 654 2
27 78 1
320 78 2
537 356 1
802 356 2
356 27 1
10 27 2
480 10 1
801 10 2
416 641 1
836 641 2
167 918 1
194 918 2
918 836 1
641 320 1
78 609 1
483 609 2
144 773 1
330 773 2
994 953 1
953 144 1
674 596 1
773 596 2
596 484 1
396 484 2
529 328 1
328 188 1
904 188 2
259 904 1
154 904 2
188 898 1
131 898 2
126 395 1
395 177 1
714 177 2
95 606 1
903 95 1
177 131 1
606 131 2
346 140 1
984 140 2
215 408 1
408 346 1
39 346 2
682 39 1
800 39 2
140 955 1
6 955 2
658 799 1
744 799 2
102 658 1
884 658 2
799 94 1
156 227 1
919 227 2
496 849 1
963 849 2
522 156 1
849 156 2
94 6 1
227 6 2
898 873 1
955 873 2
873 752 1
318 752 2
539 615 1
907 615 2
840 196 1
587 196 2
648 592 1
468 592 2
592 840 1
196 585 1
23 585 2
585 539 1
220 757 1
757 968 1
968 380 1
380 141 1
402 141 2
141 142 1
202 142 2
530 907 1
142 907 2
615 318 1
680 318 2
590 680 1
321 680 2
455 590 1
901 321 1
822 956 1
441 956 2
265 822 1
474 400 1
400 265 1
14 441 1
752 396 1
956 396 2
654 511 1
484 511 2
471 290 1
863 290 2
384 471 1
870 471 2
947 394 1
678 394 2
61 952 1
702 61 1
51 61 2
952 364 1
364 629 1
13 494 1
494 948 1
809 948 2
618 809 1
629 947 1
948 947 2
394 850 1
3 850 2
251 3 1
432 3 2
363 450 1
89 931 1
720 931 2
457 89 1
852 89 2
261 852 1
879 852 2
558 720 1
536 720 2
460 536 1
450 979 1
931 979 2
850 384 1
979 384 2
718 349 1
573 349 2
349 365 1
633 365 2
365 83 1
880 83 2
83 352 1
493 352 2
959 493 1
448 493 2
269 335 1
335 448 1
152 388 1
978 388 2
143 381 1
865 381 2
957 20 1
20 727 1
727 254 1
887 254 2
344 887 1
531 344 1
699 120 1
653 120 2
730 653 1
254 143 1
120 143 2
351 686 1
223 686 2
578 351 1
25 781 1
781 578 1
807 578 2
425 223 1
584 223 2
334 584 1
686 865 1
36 608 1
26 36 1
381 152 1
608 152 2
179 739 1
739 778 1
687 778 2
778 978 1
914 978 2
352 677 1
388 677 2
677 870 1
262 870 2
5 262 1
535 262 2
279 5 1
130 5 2
856 826 1
462 826 2
826 111 1
616 111 2
343 616 1
151 616 2
111 535 1
7 535 2
883 7 1
161 7 2
33 883 1
890 45 1
122 45 2
740 890 1
374 890 2
150 740 1
268 740 2
340 619 1
245 625 1
298 625 2
619 150 1
625 150 2
11 268 1
771 268 2
834 90 1
550 90 2
899 550 1
672 478 1
470 478 2
478 342 1
685 342 2
841 84 1
84 685 1
250 685 2
90 970 1
342 970 2
970 11 1
417 11 2
784 638 1
839 638 2
638 417 1
373 697 1
594 697 2
611 594 1
551 322 1
589 322 2
322 611 1
697 771 1
370 771 2
514 547 1
38 547 2
67 275 1
813 275 2
275 299 1
230 299 2
299 514 1
620 514 2
488 620 1
146 401 1
445 401 2
509 445 1
198 445 2
401 38 1
816 38 2
661 519 1
296 519 2
469 236 1
644 236 2
554 469 1
87 443 1
443 554 1
449 644 1
726 644 2
827 449 1
713 726 1
965 713 1
72 105 1
63 562 1
105 562 2
236 661 1
562 661 2
1000 911 1
911 296 1
614 296 2
487 21 1
183 21 2
665 183 1
49 665 1
519 271 1
21 271 2
547 374 1
271 374 2
193 69 1
200 69 2
780 701 1
69 122 1
701 122 2
280 612 1
158 612 2
908 158 1
612 667 1
667 833 1
733 623 1
623 12 1
12 945 1
833 746 1
945 746 2
92 737 1
327 737 2
440 92 1
112 440 1
719 440 2
118 112 1
444 112 2
338 719 1
41 327 1
737 406 1
145 406 2
73 747 1
747 145 1
406 920 1
992 920 2
746 70 1
920 70 2
45 863 1
70 863 2
885 212 1
197 212 2
845 973 1
704 973 2
808 845 1
599 845 2
681 586 1
287 586 2
779 681 1
694 779 1
586 735 1
405 735 2
575 106 1
147 106 2
758 575 1
175 109 1
109 758 1
832 147 1
451 147 2
479 830 1
995 830 2
830 905 1
253 905 2
241 543 1
905 556 1
543 556 2
556 288 1
86 288 2
106 405 1
288 405 2
507 18 1
50 459 1
966 50 1
421 50 2
459 507 1
297 507 2
18 80 1
709 80 2
429 285 1
285 542 1
528 542 2
159 528 1
765 138 1
542 47 1
138 47 2
28 348 1
310 28 1
805 28 2
292 555 1
499 555 2
798 292 1
423 499 1
555 805 1
810 805 2
47 854 1
348 854 2
80 185 1
854 185 2
735 808 1
185 808 2
64 418 1
769 418 2
492 691 1
991 347 1
691 64 1
347 64 2
976 769 1
571 976 1
803 125 1
418 599 1
125 599 2
172 868 1
868 704 1
397 239 1
35 239 2
767 660 1
954 756 1
756 524 1
524 767 1
466 767 2
37 213 1
56 213 2
782 37 1
139 37 2
255 782 1
353 173 1
637 173 2
173 255 1
116 255 2
521 724 1
724 56 1
213 886 1
660 426 1
886 426 2
796 397 1
426 397 2
412 772 1
972 772 2
601 412 1
454 741 1
174 741 2
741 972 1
597 35 1
772 35 2
762 337 1
649 337 2
135 750 1
326 736 1
736 135 1
791 135 2
750 649 1
523 500 1
337 974 1
500 974 2
239 482 1
974 482 2
650 9 1
108 9 2
354 452 1
278 452 2
513 232 1
738 232 2
232 264 1
160 264 2
748 160 1
304 538 1
294 933 1
538 989 1
933 989 2
264 119 1
989 119 2
119 354 1
861 354 2
411 861 1
540 411 1
941 278 1
892 278 2
786 759 1
759 941 1
864 941 2
673 864 1
452 650 1
433 650 2
267 433 1
235 433 2
273 502 1
306 502 2
189 273 1
486 273 2
238 88 1
88 486 1
157 486 2
301 306 1
820 306 2
424 982 1
325 982 2
475 819 1
819 424 1
951 424 2
190 951 1
932 787 1
787 325 1
53 325 2
332 53 1
502 55 1
982 55 2
659 613 1
214 613 2
510 967 1
693 967 2
613 853 1
967 853 2
55 267 1
853 267 2
163 128 1
745 128 2
464 404 1
435 404 2
404 745 1
128 235 1
844 235 2
413 881 1
837 881 2
79 875 1
875 837 1
155 837 2
222 155 1
971 155 2
711 222 1
881 844 1
367 844 2
624 367 1
848 108 1
525 108 2
368 103 1
815 103 2
409 410 1
583 410 2
366 583 1
683 366 1
729 366 2
272 579 1
763 272 1
260 272 2
4 218 1
218 260 1
937 260 2
410 368 1
579 368 2
19 815 1
987 19 1
876 867 1
867 825 1
917 825 2
938 917 1
728 938 1
246 938 2
103 848 1
825 848 2
944 894 1
894 525 1
360 525 2
482 77 1
9 77 2
77 372 1
32 372 2
48 939 1
794 939 2
789 48 1
950 48 2
722 789 1
257 789 2
237 339 1
900 237 1
635 657 1
657 46 1
46 226 1
622 226 2
71 622 1
339 722 1
226 722 2
303 257 1
274 257 2
65 303 1
195 303 2
498 794 1
603 498 1
988 498 2
40 669 1
669 603 1
811 603 2
939 32 1
512 32 2
234 520 1
818 520 2
240 234 1
192 234 2
580 501 1
501 389 1
389 818 1
768 818 2
943 333 1
656 333 2
642 286 1
626 642 1
286 943 1
422 656 1
636 422 1
520 512 1
333 512 2
372 52 1
655 52 2
233 655 1
576 655 2
420 233 1
770 233 2
921 857 1
707 857 2
743 921 1
993 921 2
68 707 1
503 291 1
790 291 2
431 503 1
291 68 1
857 607 1
136 607 2
178 136 1
436 136 2
495 436 1
607 420 1
97 420 2
670 97 1
359 97 2
823 646 1
169 646 2
721 823 1
244 823 2
582 721 1
219 721 2
960 742 1
742 804 1
804 915 1
915 355 1
229 355 2
355 983 1
983 582 1
646 670 1
473 670 2
591 446 1
446 473 1
289 98 1
675 98 2
319 806 1
806 129 1
891 129 2
375 552 1
129 289 1
552 289 2
98 359 1
74 359 2
828 74 1
666 74 2
393 428 1
456 930 1
930 602 1
602 393 1
634 453 1
428 114 1
453 114 2
414 124 1
114 124 2
124 42 1
700 42 2
42 895 1
182 895 2
732 341 1
847 341 2
16 518 1
518 732 1
506 732 2
895 828 1
341 828 2
671 785 1
940 785 2
785 293 1
277 293 2
293 666 1
302 846 1
34 846 2
60 817 1
481 60 1
817 569 1
569 17 1
846 110 1
17 110 2
24 909 1
54 517 1
8 517 2
925 54 1
517 24 1
610 24 2
909 617 1
110 770 1
617 770 2
783 576 1
314 576 2
859 419 1
419 783 1
906 314 1
973 197 1
52 197 2
1000
601 633 1
1000 633 2
877 958 1
247 958 2
371 252 1
252 382 1
962 382 2
570 976 1
159 976 2
966 159 1
953 713 1
713 966 1
382 615 1
976 615 2
503 821 1
13 821 2
176 635 1
635 503 1
326 503 2
821 444 1
873 444 2
615 877 1
444 877 2
284 425 1
517 425 2
425 247 1
905 247 2
521 430 1
775 82 1
82 380 1
430 905 1
380 905 2
958 156 1
670 156 2
108 186 1
676 108 1
186 54 1
818 54 2
37 315 1
813 315 2
447 37 1
315 818 1
299 818 2
417 299 1
761 299 2
54 670 1
555 670 2
526 555 1
757 526 1
156 595 1
63 595 2
414 105 1
499 105 2
265 499 1
812 499 2
105 201 1
778 479 1
530 479 2
201 83 1
479 83 2
83 942 1
679 942 2
335 679 1
64 34 1
442 34 2
942 737 1
34 737 2
158 296 1
386 296 2
737 809 1
296 809 2
809 79 1
636 79 2
79 63 1
431 63 2
936 272 1
988 272 2
932 518 1
216 518 2
45 216 1
887 216 2
796 45 1
214 887 1
845 887 2
518 936 1
523 936 2
470 592 1
592 478 1
478 523 1
991 523 2
391 166 1
107 391 1
166 991 1
410 583 1
583 795 1
409 795 2
795 119 1
969 119 2
119 988 1
324 988 2
14 324 1
272 699 1
688 699 2
556 918 1
918 688 1
582 688 2
195 516 1
897 255 1
576 255 2
279 512 1
512 576 1
629 576 2
516 582 1
255 582 2
699 431 1
514 889 1
89 889 2
889 707 1
668 707 2
707 11 1
301 11 2
361 733 1
733 301 1
460 301 2
595 484 1
11 484 2
484 574 1
804 574 2
397 736 1
901 736 2
33 185 1
86 185 2
185 397 1
139 438 1
232 851 1
143 851 2
438 211 1
851 211 2
211 951 1
191 951 2
951 167 1
944 167 2
896 616 1
630 896 1
616 481 1
552 481 2
167 473 1
481 473 2
473 609 1
466 609 2
403 466 1
554 466 2
238 403 1
842 554 1
736 243 1
609 243 2
243 852 1
952 852 2
224 264 1
263 264 2
838 628 1
651 628 2
628 263 1
132 940 1
940 746 1
264 347 1
746 347 2
653 791 1
322 791 2
394 653 1
607 653 2
774 394 1
590 774 1
261 590 1
306 590 2
753 607 1
60 384 1
828 60 1
244 60 2
384 720 1
859 720 2
345 358 1
358 169 1
169 859 1
275 776 1
686 776 2
800 626 1
222 743 1
743 258 1
741 258 2
258 220 1
980 220 2
260 245 1
837 245 2
658 837 1
245 980 1
730 805 1
220 872 1
805 872 2
626 275 1
872 275 2
502 971 1
971 144 1
144 748 1
179 748 2
291 179 1
748 686 1
720 322 1
776 322 2
791 129 1
359 129 2
907 359 1
347 952 1
129 952 2
332 666 1
241 666 2
146 332 1
71 332 2
933 303 1
303 433 1
401 433 2
680 834 1
863 834 2
869 680 1
480 680 2
246 271 1
709 869 1
271 869 2
948 480 1
645 551 1
551 515 1
685 515 2
515 449 1
415 993 1
993 937 1
449 863 1
937 863 2
433 648 1
834 648 2
495 172 1
648 146 1
172 146 2
390 71 1
248 71 2
17 390 1
319 390 2
747 319 1
67 241 1
928 241 2
440 928 1
234 928 2
162 440 1
939 440 2
852 804 1
666 804 2
297 379 1
983 183 1
536 983 1
183 956 1
379 287 1
956 287 2
287 318 1
458 318 2
318 300 1
692 300 2
300 718 1
424 718 2
117 131 1
92 131 2
131 52 1
25 52 2
888 256 1
52 424 1
256 424 2
722 972 1
771 562 1
972 562 2
718 510 1
562 510 2
510 94 1
935 94 2
964 360 1
522 360 2
360 935 1
94 388 1
698 388 2
559 698 1
62 698 2
171 422 1
687 422 2
40 36 1
36 171 1
984 171 2
600 687 1
153 687 2
58 600 1
395 153 1
422 768 1
506 768 2
55 855 1
855 268 1
572 268 2
637 572 1
104 572 2
103 637 1
525 637 2
330 525 1
49 525 2
995 811 1
268 506 1
811 506 2
768 667 1
314 667 2
568 383 1
383 84 1
946 84 2
474 946 1
667 559 1
84 559 2
856 696 1
710 696 2
591 856 1
293 856 2
362 231 1
476 231 2
231 591 1
305 591 2
646 305 1
760 646 1
87 646 2
152 760 1
375 760 2
614 662 1
662 152 1
807 152 2
640 87 1
206 87 2
578 973 1
236 973 2
418 578 1
30 141 1
97 400 1
141 418 1
400 418 2
53 941 1
860 53 1
973 293 1
941 293 2
340 546 1
546 710 1
696 62 1
611 62 2
574 88 1
388 88 2
498 41 1
110 41 2
548 498 1
858 498 2
302 784 1
569 784 2
826 302 1
230 302 2
273 569 1
606 569 2
911 501 1
113 714 1
197 714 2
501 273 1
714 273 2
663 149 1
149 606 1
959 606 2
784 548 1
772 548 2
906 815 1
930 815 2
553 930 1
321 870 1
233 870 2
754 233 1
24 233 2
815 57 1
870 57 2
625 853 1
57 772 1
853 772 2
135 858 1
827 858 2
893 135 1
257 135 2
931 893 1
799 893 2
215 931 1
878 931 2
354 215 1
46 878 1
350 799 1
27 799 2
453 406 1
788 406 2
597 145 1
396 145 2
694 597 1
221 507 1
486 841 1
507 694 1
841 694 2
127 396 1
254 127 1
406 350 1
145 350 2
184 312 1
561 312 2
372 783 1
704 783 2
783 184 1
413 184 2
312 367 1
700 367 2
970 700 1
367 632 1
571 632 2
727 835 1
639 835 2
835 571 1
604 571 2
735 277 1
122 277 2
173 122 1
632 27 1
277 27 2
883 331 1
4 331 2
429 798 1
824 798 2
331 644 1
798 644 2
644 282 1
282 769 1
251 769 2
50 649 1
189 649 2
193 50 1
95 50 2
16 494 1
494 581 1
581 189 1
649 589 1
341 589 2
780 533 1
910 780 1
610 780 2
533 341 1
986 341 2
547 789 1
789 986 1
689 986 2
589 251 1
493 251 2
684 532 1
286 181 1
181 349 1
817 349 2
349 895 1
320 895 2
29 226 1
226 320 1
532 493 1
895 493 2
769 257 1
207 257 2
188 830 1
618 830 2
242 613 1
505 613 2
529 505 1
894 373 1
366 373 2
420 894 1
613 188 1
373 188 2
717 759 1
724 472 1
759 472 2
830 827 1
472 827 2
564 110 1
352 110 2
678 564 1
496 564 2
790 914 1
59 914 2
385 790 1
974 790 2
794 974 1
957 974 2
749 59 1
823 404 1
703 823 1
550 823 2
404 364 1
218 364 2
364 399 1
344 399 2
914 719 1
399 719 2
719 808 1
18 808 2
76 18 1
762 18 2
854 504 1
504 392 1
392 531 1
531 428 1
864 202 1
428 202 2
202 212 1
408 212 2
323 408 1
353 323 1
212 76 1
310 76 2
210 623 1
623 777 1
756 777 2
777 310 1
10 310 2
527 762 1
20 721 1
669 721 2
539 435 1
913 435 2
435 20 1
175 20 2
163 475 1
989 475 2
867 767 1
675 767 2
767 163 1
797 989 1
565 763 1
398 763 2
763 886 1
886 542 1
787 542 2
542 351 1
111 351 2
351 797 1
785 797 2
549 755 1
655 755 2
266 549 1
56 549 2
468 266 1
987 266 2
475 669 1
755 669 2
603 274 1
274 281 1
269 281 2
721 80 1
281 80 2
80 170 1
695 170 2
731 979 1
912 903 1
405 731 1
903 731 2
890 285 1
465 285 2
471 890 1
285 874 1
979 929 1
874 929 2
7 781 1
161 781 2
544 740 1
740 421 1
500 421 2
421 7 1
381 7 2
682 43 1
5 213 1
213 682 1
402 682 2
43 161 1
124 441 1
781 77 1
441 77 2
929 695 1
77 695 2
808 678 1
170 678 2
237 496 1
253 496 2
654 237 1
487 237 2
461 378 1
432 378 2
165 868 1
28 868 2
378 723 1
868 723 2
875 732 1
723 654 1
732 654 2
154 487 1
816 292 1
455 593 1
292 154 1
593 154 2
537 342 1
819 196 1
652 196 2
93 652 1
342 102 1
196 102 2
102 209 1
602 209 2
725 540 1
106 427 1
540 427 2
427 363 1
836 363 2
32 19 1
19 47 1
65 47 2
47 836 1
801 836 2
363 602 1
642 602 2
209 908 1
829 908 2
631 829 1
908 982 1
464 982 2
831 9 1
558 9 2
327 990 1
419 491 1
491 327 1
545 327 2
9 579 1
990 579 2
579 464 1
967 464 2
982 130 1
140 130 2
208 567 1
348 567 2
803 208 1
947 208 2
712 882 1
882 348 1
620 348 2
567 140 1
61 140 2
70 61 1
949 61 2
454 949 1
151 949 2
130 81 1
125 81 2
820 125 1
356 125 2
469 820 1
822 820 2
661 356 1
295 885 1
31 276 1
806 276 2
276 295 1
706 295 2
81 253 1
885 253 2
137 691 1
192 691 2
520 137 1
204 137 2
612 520 1
643 520 2
702 343 1
825 343 2
343 612 1
904 612 2
764 904 1
996 904 2
832 204 1
235 15 1
289 15 2
99 884 1
174 884 2
884 509 1
577 509 2
316 577 1
509 190 1
12 190 2
85 488 1
190 998 1
488 998 2
998 437 1
624 437 2
437 109 1
334 109 2
205 199 1
114 199 2
992 205 1
199 792 1
534 792 2
857 534 1
924 534 2
792 334 1
109 235 1
770 235 2
638 283 1
596 283 2
44 596 1
283 584 1
584 374 1
738 374 2
374 289 1
249 289 2
849 708 1
15 192 1
708 192 2
891 916 1
621 916 2
535 881 1
528 881 2
934 535 1
881 844 1
844 891 1
865 891 2
115 865 1
619 865 2
691 352 1
916 352 2
88 601 1
41 601 2
393 1000 1
917 1000 2
586 325 1
605 325 2
879 586 1
677 586 2
136 182 1
8 98 1
977 98 2
434 8 1
240 977 1
328 977 2
98 120 1
337 120 2
750 337 1
182 566 1
120 566 2
711 665 1
985 665 2
463 445 1
739 445 2
445 711 1
921 711 2
164 802 1
802 985 1
779 985 2
90 779 1
716 779 2
566 925 1
665 925 2
925 48 1
456 48 2
48 745 1
926 745 2
955 926 1
443 598 1
866 647 1
598 3 1
647 3 2
3 862 1
1 862 2
846 1 1
745 879 1
862 879 2
134 490 1
833 490 2
490 677 1
317 677 2
650 317 1
573 681 1
22 681 2
766 573 1
307 573 2
843 920 1
180 920 2
126 843 1
674 843 2
457 126 1
726 126 2
290 557 1
557 457 1
51 752 1
922 752 2
943 229 1
229 922 1
752 203 1
203 726 1
270 726 2
900 575 1
219 575 2
389 219 1
69 219 2
339 333 1
333 997 1
715 389 1
997 389 2
978 75 1
575 270 1
75 270 2
671 674 1
814 674 2
147 311 1
311 814 1
683 814 2
697 180 1
909 294 1
294 35 1
35 697 1
920 766 1
298 766 2
511 298 1
751 259 1
357 259 2
157 773 1
74 157 1
355 377 1
773 782 1
377 782 2
782 751 1
876 751 2
112 543 1
217 594 1
543 594 2
594 541 1
26 541 2
39 26 1
259 307 1
541 307 2
365 923 1
871 365 1
617 861 1
861 871 1
923 22 1
892 22 2
945 278 1
278 664 1
902 664 2
118 902 1
664 839 1
412 839 2
839 446 1
148 446 2
681 919 1
446 919 2
919 605 1
376 605 2
585 950 1
950 786 1
580 68 1
981 68 2
880 580 1
938 580 2
387 198 1
368 198 2
627 368 1
198 880 1
150 880 2
954 223 1
223 938 1
524 975 1
975 981 1
898 981 2
68 138 1
133 138 2
101 133 1
660 133 2
21 101 1
228 21 1
599 228 1
250 228 2
23 250 1
346 250 2
142 660 1
786 376 1
138 376 2
325 309 1
2 309 2
96 336 1
262 336 2
641 96 1
742 96 2
673 304 1
304 641 1
968 641 2
100 927 1
734 927 2
927 765 1
370 765 2
336 2 1
765 2 2
309 393 1
728 393 2
467 288 1
308 288 2
657 467 1
622 467 2
744 657 1
492 657 2
497 961 1
436 497 1
961 744 1
411 608 1
439 411 1
672 411 2
656 439 1
407 672 1
608 492 1
280 622 1
160 622 2
634 423 1
200 634 1
423 483 1
588 483 2
810 588 1
483 280 1
177 280 2
116 459 1
915 459 2
462 116 1
121 116 2
659 187 1
187 121 1
489 121 2
451 426 1
426 485 1
963 485 2
485 489 1
459 160 1
448 160 2
705 308 1
560 308 2
123 416 1
78 416 2
899 91 1
225 899 1
701 899 2
91 123 1
482 123 2
416 705 1
239 705 2
538 729 1
729 128 1
452 128 2
847 66 1
66 994 1
690 994 2
178 758 1
994 338 1
758 338 2
128 239 1
338 239 2
563 560 1
848 560 2
587 563 1
168 563 2
313 848 1
369 848 2
288 728 1
477 728 2
519 793 1
329 793 2
42 519 1
267 519 2
793 477 1
693 917 1
960 917 2
72 693 1
155 693 2
840 450 1
73 450 2
450 155 1
965 155 2
513 960 1
999 960 2
6 194 1
227 508 1
38 508 2
850 227 1
194 513 1
508 513 2
